
 29_30_28_26_18_16_17_24_6_20_22_4_19_15_25_27_23_7_8_0_3_13_10_5_14_21_1_12_2_9_11_31
 29_30_0_1_2_3_4_5_6_7_8_9_10_11_12_13_14_15_16_17_18_19_20_21_22_23_24_25_26_27_28_31
 0_1_2_3_4_5_6_7_8_9_10_11_12_13_14_15_16_17_18_19_20_21_22_23_24_25_26_27_28_29_30_31
 0_1_2_3_4_5_6_7_8_9_10_11_12_13_14_15_16_17_18_19_20_21_22_23_24_25_26_27_28_29_30_31
 29_30_28_27_24_16_14_25_13_20_21_19_23_17_22_26_15_9_7_12_4_6_1_3_5_11_0_8_2_10_18_31
 29_30_0_3_4_2_1_9_5_6_7_8_11_10_12_16_15_13_14_18_17_22_19_20_21_24_23_26_25_28_27_31
 29_30_0_3_4_2_1_9_5_6_7_8_11_10_12_16_15_13_14_18_17_22_19_20_21_24_23_26_25_28_27_31
 29_30_0_3_4_2_1_9_5_6_7_8_11_10_12_16_15_13_14_18_17_22_19_20_21_24_23_26_25_28_27_31
 29_30_0_1_2_3_4_5_6_7_8_9_10_11_12_13_14_15_16_17_18_19_20_21_22_23_24_25_26_27_28_31
 29_30_0_3_4_2_1_9_5_6_7_8_11_10_12_16_15_13_14_18_17_22_19_20_21_24_23_26_25_28_27_31
 29_30_0_3_4_2_1_9_5_6_7_8_11_10_12_16_15_13_14_18_17_22_19_20_21_24_23_26_25_28_27_31
 29_30_28_27_24_16_14_25_13_20_21_19_23_17_22_26_15_9_7_12_4_6_1_3_5_11_0_8_2_10_18_31
 29_30_28_27_24_16_14_25_13_20_21_19_23_17_22_26_15_9_7_12_4_6_1_3_5_11_0_8_2_10_18_31
 29_30_28_27_23_17_13_25_14_21_20_19_22_16_24_26_15_7_6_12_4_5_2_3_8_11_1_9_0_10_18_31
 29,30,28,27,23,17,13,25,14,21,20,19,22,16,24,26,15,7,6,12,4,5,2,3,8,11,1,9,0,10,18,31
 29,30,28,27,24,16,14,25,13,21,20,19,23,18,22,26,15,9,7,12,4,6,1,3,5,11,0,8,2,10,17,31
 29,30,28,27,24,16,14,25,13,21,20,19,23,17,22,26,15,9,7,12,4,6,1,3,5,11,0,8,2,10,18,31
 29,30,28,27,23,18,15,26,17,21,20,19,25,16,24,22,14,11,8,12,4,5,1,3,6,9,0,7,2,10,13,31
 29,30,28,27,26,19,16,25,13,21,22,17,24,15,20,23,14,11,7,12,5,6,0,3,4,9,2,8,1,10,18,31
 29,30,13,15,7,0,1,3,8,5,4,2,9,6,10,18,16,11,12,17,19,14,20,21,23,25,22,26,24,27,28,31
 29,30,13,15,7,0,1,3,8,5,4,2,9,6,10,18,16,11,12,17,19,14,20,21,23,25,22,26,24,27,28,31
 29,30,0,3,4,2,1,9,5,6,7,8,11,10,13,16,15,12,14,18,17,20,19,21,22,24,23,26,25,27,28,31
 29,30,13,15,7,0,1,3,8,5,4,2,9,6,10,18,16,11,12,17,19,14,20,21,23,25,22,26,24,27,28,31
 29,30,7,13,4,2,0,15,1,6,10,9,17,12,21,23,19,3,5,18,11,16,8,14,22,25,20,26,24,27,28,31
 29,30,27,26,20,16,13,25,15,19,18,17,23,14,24,21,12,5,4,8,2,3,0,1,7,10,6,11,9,22,28,31
 29,30,28,27,22,17,14,25,16,20,19,18,24,15,23,21,12,7,5,9,3,4,0,1,8,10,2,11,6,13,26,31